{"producer":{"name":"Blender","version":"2.80 (sub 75)","exporter_version":"2.80.1","file":"Zombie.babylon"},
"autoClear":true,"clearColor":[0.0509,0.0509,0.0509],"gravity":[0,-9.81,0],
"materials":[{"name":"Zombie_COL","id":"Zombie_COL","customType":"BABYLON.PBRMaterial","backFaceCulling":true,"checkReadyOnlyOnce":false,"maxSimultaneousLights":4,"environmentIntensity":1,"roughness":0.5032,"alpha":1,"transparencyMode":0,"alphaCutOff":0.4,"metallic":0, 
"albedoTexture":{"name":"Zombie_diffuse.png","level":1,"hasAlpha":true,"coordinatesMode":0,"uOffset":0,"vOffset":0,"uScale":1,"vScale":1,"uAng":0,"vAng":0,"wAng":0,"wrapU":1,"wrapV":1,"coordinatesIndex":0},"useAlphaFromAlbedoTexture":true, 
"reflectivityTexture":{"name":"Zombie_specular.png","level":1,"hasAlpha":true,"coordinatesMode":0,"uOffset":0,"vOffset":0,"uScale":1,"vScale":1,"uAng":0,"vAng":0,"wAng":0,"wrapU":1,"wrapV":1,"coordinatesIndex":0}, 
"bumpTexture":{"name":"Zombie_normal.png","level":1,"hasAlpha":true,"coordinatesMode":0,"uOffset":0,"vOffset":0,"uScale":1,"vScale":1,"uAng":0,"vAng":0,"wAng":0,"wrapU":1,"wrapV":1,"coordinatesIndex":0}}],
"multiMaterials":[],
"skeletons":[{"name":"Character","id":0,"dimensionsAtRest":[195.6263,34.4282,180.7369],"bones":[
{"name":"Zombie:Hips","index":0,"matrix":[0.8588,0.5045,-0.0889,0,0.029,0.1253,0.9917,0,-0.5114,0.8543,-0.093,0,30.4351,9.9074,83.9652,1],"rest":[1,0,0,0,0,0,1,0,0,1,0,0,0,0,96.3764,1],"parentBoneIndex":-1,"length":9.9032
,"animation":{"dataType":3,"framePerSecond":30,"keys":[
{"frame":1,"values":[0.9041,0.4213,-0.0719,0,0.0022,0.1636,0.9865,0,-0.4274,0.892,-0.147,0,23.8558,7.0499,82.9494,1]},
{"frame":2,"values":[0.9,0.4311,-0.0646,0,-0.0057,0.1598,0.9871,0,-0.4358,0.8881,-0.1463,0,24.5055,7.1344,82.6552,1]},
{"frame":3,"values":[0.894,0.4442,-0.0584,0,-0.0121,0.1543,0.9879,0,-0.4478,0.8825,-0.1433,0,25.1997,7.3278,82.3447,1]},
{"frame":4,"values":[0.8865,0.4594,-0.0551,0,-0.0155,0.1485,0.9888,0,-0.4624,0.8757,-0.1388,0,25.9341,7.6061,82.0508,1]},
{"frame":5,"values":[0.8784,0.4747,-0.0552,0,-0.0157,0.1442,0.9894,0,-0.4776,0.8683,-0.1342,0,26.7157,7.9492,81.8314,1]},
{"frame":6,"values":[0.8705,0.4888,-0.0585,0,-0.0133,0.142,0.9898,0,-0.4921,0.8608,-0.1301,0,27.5515,8.3776,81.7861,1]},
{"frame":7,"values":[0.8629,0.5014,-0.0638,0,-0.0083,0.1402,0.9901,0,-0.5053,0.8538,-0.1251,0,28.4019,8.8879,81.9804,1]},
{"frame":8,"values":[0.8612,0.5033,-0.0705,0,0.0006,0.1375,0.9905,0,-0.5082,0.8531,-0.1181,0,29.1804,9.3968,82.3864,1]},
{"frame":9,"values":[0.8599,0.5046,-0.0767,0,0.0098,0.1341,0.9909,0,-0.5103,0.8529,-0.1104,0,29.7938,9.7697,82.908,1]},
{"frame":10,"values":[0.8591,0.5051,-0.0826,0,0.019,0.1298,0.9914,0,-0.5115,0.8532,-0.1019,0,30.1965,9.9328,83.4491,1]},
{"frame":11,"values":[0.8588,0.5045,-0.0889,0,0.029,0.1253,0.9917,0,-0.5114,0.8543,-0.093,0,30.4351,9.9074,83.9652,1]},
{"frame":12,"values":[0.8593,0.5024,-0.0962,0,0.0403,0.1211,0.9918,0,-0.51,0.8561,-0.0838,0,30.579,9.7741,84.3833,1]},
{"frame":13,"values":[0.8603,0.4989,-0.1048,0,0.0528,0.1173,0.9917,0,-0.5071,0.8587,-0.0746,0,30.6783,9.6088,84.7268,1]},
{"frame":14,"values":[0.862,0.4941,-0.1134,0,0.0654,0.1134,0.9914,0,-0.5027,0.862,-0.0654,0,30.7456,9.4386,85.0432,1]},
{"frame":15,"values":[0.8643,0.488,-0.1214,0,0.0776,0.1092,0.991,0,-0.4969,0.866,-0.0565,0,30.7699,9.2572,85.3194,1]},
{"frame":16,"values":[0.8674,0.4804,-0.1293,0,0.0895,0.105,0.9904,0,-0.4894,0.8707,-0.0481,0,30.7346,9.0882,85.5709,1]},
{"frame":17,"values":[0.8713,0.4712,-0.1371,0,0.1012,0.101,0.9897,0,-0.4802,0.8762,-0.0403,0,30.622,8.945,85.8033,1]},
{"frame":18,"values":[0.876,0.4602,-0.1446,0,0.1123,0.097,0.9889,0,-0.4691,0.8825,-0.0333,0,30.4266,8.8424,86.0169,1]},
{"frame":19,"values":[0.8814,0.4474,-0.1515,0,0.1226,0.0931,0.9881,0,-0.4562,0.8895,-0.0272,0,30.1579,8.7652,86.2083,1]},
{"frame":20,"values":[0.8877,0.4327,-0.1575,0,0.1316,0.0892,0.9873,0,-0.4412,0.8971,-0.0223,0,29.8243,8.6809,86.3767,1]},
{"frame":21,"values":[0.8948,0.4159,-0.1622,0,0.1392,0.0854,0.9866,0,-0.4241,0.9054,-0.0186,0,29.4013,8.5877,86.5218,1]},
{"frame":22,"values":[0.9028,0.3969,-0.1657,0,0.145,0.0818,0.986,0,-0.4049,0.9142,-0.0163,0,28.8394,8.5386,86.6436,1]},
{"frame":23,"values":[0.9115,0.3755,-0.1677,0,0.149,0.0783,0.9857,0,-0.3833,0.9235,-0.0154,0,28.141,8.5863,86.7386,1]},
{"frame":24,"values":[0.9208,0.3514,-0.1693,0,0.1525,0.0752,0.9854,0,-0.359,0.9332,-0.0156,0,27.4172,8.7136,86.8076,1]},
{"frame":25,"values":[0.9303,0.3247,-0.1703,0,0.1552,0.0721,0.9852,0,-0.3322,0.9431,-0.0167,0,26.8066,8.8337,86.8425,1]},
{"frame":26,"values":[0.94,0.2956,-0.1702,0,0.1566,0.0691,0.9852,0,-0.303,0.9528,-0.0187,0,26.3529,8.8953,86.8394,1]},
{"frame":27,"values":[0.9496,0.2643,-0.1684,0,0.1564,0.0661,0.9855,0,-0.2716,0.9622,-0.0214,0,25.9834,8.9307,86.7913,1]},
{"frame":28,"values":[0.9589,0.231,-0.1647,0,0.1542,0.0631,0.986,0,-0.2382,0.9709,-0.0248,0,25.6054,9.0143,86.6924,1]},
{"frame":29,"values":[0.9675,0.1955,-0.1602,0,0.1512,0.0604,0.9867,0,-0.2026,0.9788,-0.0289,0,25.1891,9.1876,86.5505,1]},
{"frame":30,"values":[0.9754,0.1579,-0.154,0,0.1465,0.058,0.9875,0,-0.1649,0.9857,-0.0335,0,24.7452,9.4204,86.3642,1]},
{"frame":31,"values":[0.9822,0.1184,-0.146,0,0.1402,0.056,0.9885,0,-0.1252,0.9914,-0.0384,0,24.2879,9.6962,86.1426,1]},
{"frame":32,"values":[0.9876,0.0768,-0.1368,0,0.1329,0.0544,0.9896,0,-0.0835,0.9956,-0.0436,0,23.824,10.044,85.9146,1]},
{"frame":33,"values":[0.9913,0.0333,-0.1273,0,0.1255,0.0535,0.9907,0,-0.0398,0.998,-0.0488,0,23.3532,10.5022,85.71,1]},
{"frame":34,"values":[0.993,-0.0119,-0.1179,0,0.1183,0.053,0.9916,0,0.0055,0.9985,-0.054,0,22.8428,11.0619,85.534,1]},
{"frame":35,"values":[0.9924,-0.0583,-0.1081,0,0.1112,0.0529,0.9924,0,0.0521,0.9969,-0.059,0,22.2178,11.6465,85.3846,1]},
{"frame":36,"values":[0.9896,-0.1055,-0.0975,0,0.1035,0.0531,0.9932,0,0.0996,0.993,-0.0635,0,21.4256,12.1635,85.2493,1]},
{"frame":37,"values":[0.9842,-0.1533,-0.0883,0,0.0975,0.0533,0.9938,0,0.1476,0.9867,-0.0674,0,20.5187,12.5388,85.2433,1]},
{"frame":38,"values":[0.9765,-0.2014,-0.0774,0,0.0899,0.0537,0.9945,0,0.1961,0.978,-0.0705,0,19.5394,12.7749,85.251,1]},
{"frame":39,"values":[0.9656,-0.2529,-0.06,0,0.0763,0.0554,0.9955,0,0.2485,0.9659,-0.0728,0,18.4727,12.9128,85.1776,1]},
{"frame":40,"values":[0.9503,-0.3094,-0.0349,0,0.056,0.0594,0.9967,0,0.3063,0.9491,-0.0737,0,17.2984,12.9628,85.0254,1]},
{"frame":41,"values":[0.9297,-0.3683,-0.0026,0,0.0292,0.0667,0.9973,0,0.3671,0.9273,-0.0727,0,15.9816,12.9912,84.7391,1]},
{"frame":42,"values":[0.9034,-0.4274,0.033,0,-0.0001,0.0768,0.997,0,0.4287,0.9008,-0.0693,0,14.548,12.993,84.3809,1]},
{"frame":43,"values":[0.8723,-0.4843,0.0676,0,-0.028,0.0886,0.9957,0,0.4882,0.8704,-0.0637,0,13.0513,12.9622,84.0393,1]},
{"frame":44,"values":[0.8379,-0.5368,0.0989,0,-0.0525,0.101,0.9935,0,0.5433,0.8376,-0.0564,0,11.5338,12.9098,83.7392,1]},
{"frame":45,"values":[0.8281,-0.5539,0.0869,0,-0.0156,0.1323,0.9911,0,0.5604,0.822,-0.1009,0,9.7327,13.0774,82.8572,1]},
{"frame":46,"values":[0.8254,-0.559,0.0792,0,0.0092,0.1536,0.9881,0,0.5645,0.8148,-0.1319,0,8.2468,13.1717,82.536,1]},
{"frame":47,"values":[0.826,-0.5582,0.0779,0,0.0225,0.1707,0.9851,0,0.5632,0.812,-0.1536,0,7.1506,13.1191,82.7598,1]},
{"frame":48,"values":[0.8265,-0.5568,0.0826,0,0.0298,0.1898,0.9814,0,0.5621,0.8087,-0.1735,0,6.4198,12.8685,83.3528,1]},
{"frame":49,"values":[0.8271,-0.5549,0.0895,0,0.0356,0.2107,0.9769,0,0.5609,0.8048,-0.1941,0,5.9436,12.4579,84.0514,1]},
{"frame":50,"values":[0.8297,-0.5501,0.0945,0,0.0396,0.2268,0.9731,0,0.5568,0.8037,-0.21,0,5.6238,11.9721,84.6522,1]},
{"frame":51,"values":[0.8344,-0.5429,0.0952,0,0.0404,0.2326,0.9717,0,0.5497,0.8069,-0.216,0,5.4083,11.4614,85.0581,1]},
{"frame":52,"values":[0.8396,-0.5353,0.092,0,0.0389,0.2282,0.9728,0,0.5417,0.8133,-0.2124,0,5.2656,10.9232,85.2742,1]},
{"frame":53,"values":[0.8453,-0.5273,0.0864,0,0.0363,0.2179,0.9753,0,0.5331,0.8213,-0.2033,0,5.1675,10.3475,85.3532,1]},
{"frame":54,"values":[0.8517,-0.518,0.0798,0,0.0334,0.2056,0.9781,0,0.523,0.8303,-0.1924,0,5.0782,9.7485,85.3392,1]},
{"frame":55,"values":[0.8585,-0.5076,0.0728,0,0.0319,0.1945,0.9804,0,0.5118,0.8394,-0.1831,0,4.9571,9.1493,85.2475,1]},
{"frame":56,"values":[0.8652,-0.4972,0.0648,0,0.034,0.1871,0.9818,0,0.5002,0.8472,-0.1788,0,4.7563,8.5677,85.1074,1]},
{"frame":57,"values":[0.8714,-0.4874,0.0556,0,0.0406,0.1845,0.982,0,0.4889,0.8535,-0.1806,0,4.4307,8.0326,84.9581,1]},
{"frame":58,"values":[0.877,-0.4784,0.0455,0,0.0499,0.1848,0.9815,0,0.4779,0.8585,-0.1859,0,3.955,7.5721,84.8323,1]},
{"frame":59,"values":[0.8815,-0.4709,0.0357,0,0.0589,0.1846,0.9811,0,0.4685,0.8627,-0.1904,0,3.3295,7.1917,84.7154,1]},
{"frame":60,"values":[0.8844,-0.4659,0.0267,0,0.0667,0.183,0.9809,0,0.4619,0.8657,-0.1929,0,2.5764,6.8667,84.5786,1]},
{"frame":61,"values":[0.8853,-0.4647,0.0187,0,0.0752,0.1826,0.9803,0,0.459,0.8664,-0.1966,0,1.7309,6.5753,84.3989,1]},
{"frame":62,"values":[0.8829,-0.4694,0.0115,0,0.0862,0.1861,0.9788,0,0.4616,0.8631,-0.2047,0,0.825,6.3331,84.1885,1]},
{"frame":63,"values":[0.8759,-0.4825,0.0064,0,0.0986,0.1918,0.9765,0,0.4724,0.8546,-0.2156,0,-0.1193,6.1747,83.9682,1]},
{"frame":64,"values":[0.8641,-0.5033,0.005,0,0.108,0.1952,0.9748,0,0.4916,0.8418,-0.2231,0,-1.0787,6.0993,83.7387,1]},
{"frame":65,"values":[0.8497,-0.5272,0.0087,0,0.1104,0.194,0.9748,0,0.5156,0.8273,-0.223,0,-2.0279,6.0789,83.5264,1]},
{"frame":66,"values":[0.8358,-0.5489,0.0149,0,0.1077,0.1904,0.9758,0,0.5384,0.8139,-0.2182,0,-2.8966,6.0482,83.3335,1]},
{"frame":67,"values":[0.824,-0.5662,0.0215,0,0.1047,0.1896,0.9763,0,0.5568,0.8022,-0.2155,0,-3.6625,5.9964,83.2253,1]},
{"frame":68,"values":[0.8148,-0.5791,0.0278,0,0.1044,0.1937,0.9755,0,0.5703,0.7919,-0.2183,0,-4.3292,5.9423,83.2419,1]},
{"frame":69,"values":[0.8083,-0.5878,0.033,0,0.1056,0.1998,0.9741,0,0.5792,0.7839,-0.2236,0,-4.9135,5.9245,83.3819,1]},
{"frame":70,"values":[0.8044,-0.593,0.0364,0,0.1061,0.2036,0.9733,0,0.5845,0.779,-0.2267,0,-5.4223,5.9917,83.6445,1]},
{"frame":71,"values":[0.8009,-0.5976,0.0378,0,0.1058,0.2034,0.9733,0,0.5893,0.7756,-0.2262,0,-5.8282,6.1417,84.0182,1]},
{"frame":72,"values":[0.795,-0.6054,0.0394,0,0.1042,0.2003,0.9742,0,0.5976,0.7703,-0.2223,0,-6.1045,6.3155,84.4958,1]},
{"frame":73,"values":[0.7861,-0.6165,0.0441,0,0.0988,0.1957,0.9757,0,0.6102,0.7626,-0.2148,0,-6.2444,6.4363,85.0662,1]},
{"frame":74,"values":[0.7778,-0.6265,0.0515,0,0.0882,0.1899,0.9778,0,0.6224,0.756,-0.203,0,-6.2532,6.4576,85.6866,1]},
{"frame":75,"values":[0.7751,-0.6291,0.059,0,0.0741,0.1832,0.9803,0,0.6275,0.7554,-0.1887,0,-6.1613,6.4068,86.3257,1]},
{"frame":76,"values":[0.7806,-0.6218,0.0637,0,0.0604,0.1765,0.9824,0,0.6222,0.763,-0.1753,0,-6.0097,6.3382,86.9695,1]},
{"frame":77,"values":[0.7917,-0.6074,0.065,0,0.0495,0.1698,0.9842,0,0.6088,0.776,-0.1645,0,-5.819,6.2661,87.5938,1]},
{"frame":78,"values":[0.8042,-0.5909,0.0637,0,0.0408,0.1619,0.986,0,0.5929,0.7904,-0.1543,0,-5.5814,6.1657,88.1559,1]},
{"frame":79,"values":[0.8155,-0.5756,0.0611,0,0.0329,0.1515,0.9879,0,0.5779,0.8036,-0.1425,0,-5.2831,6.0168,88.6146,1]},
{"frame":80,"values":[0.8255,-0.5614,0.0582,0,0.0254,0.1398,0.9899,0,0.5639,0.8156,-0.1296,0,-4.9425,5.8488,88.9821,1]},
{"frame":81,"values":[0.835,-0.5476,0.0549,0,0.0197,0.1293,0.9914,0,0.55,0.8267,-0.1187,0,-4.6054,5.7193,89.3064,1]},
{"frame":82,"values":[0.8435,-0.5348,0.0512,0,0.0166,0.1212,0.9925,0,0.537,0.8363,-0.1111,0,-4.3109,5.6806,89.6354,1]},
{"frame":83,"values":[0.8501,-0.5247,0.0458,0,0.0164,0.1133,0.9934,0,0.5264,0.8437,-0.105,0,-4.0523,5.7221,89.9273,1]},
{"frame":84,"values":[0.8552,-0.5168,0.0391,0,0.0173,0.1039,0.9944,0,0.518,0.8498,-0.0978,0,-3.8045,5.8225,90.1569,1]},
{"frame":85,"values":[0.8603,-0.5087,0.0328,0,0.0171,0.0932,0.9955,0,0.5095,0.8559,-0.0889,0,-3.5418,5.9464,90.3196,1]},
{"frame":86,"values":[0.8669,-0.4978,0.0279,0,0.0157,0.0831,0.9964,0,0.4983,0.8633,-0.0798,0,-3.2481,6.0565,90.4305,1]},
{"frame":87,"values":[0.875,-0.4835,0.0239,0,0.0143,0.0752,0.9971,0,0.4839,0.8721,-0.0727,0,-2.9142,6.1308,90.5053,1]},
{"frame":88,"values":[0.884,-0.467,0.0202,0,0.0145,0.0705,0.9974,0,0.4672,0.8814,-0.0691,0,-2.5388,6.1671,90.5453,1]},
{"frame":89,"values":[0.8927,-0.4503,0.0166,0,0.0162,0.0688,0.9975,0,0.4503,0.8902,-0.0687,0,-2.1415,6.1877,90.5529,1]},
{"frame":90,"values":[0.9002,-0.4352,0.0143,0,0.0176,0.069,0.9975,0,0.4351,0.8977,-0.0698,0,-1.7666,6.2281,90.5317,1]},
{"frame":91,"values":[0.9061,-0.4227,0.0158,0,0.0157,0.0709,0.9974,0,0.4227,0.9035,-0.0709,0,-1.4698,6.3417,90.5429,1]},
{"frame":92,"values":[0.9103,-0.4136,0.0186,0,0.0128,0.073,0.9973,0,0.4139,0.9075,-0.0717,0,-1.2648,6.5266,90.5506,1]},
{"frame":93,"values":[0.9129,-0.4077,0.0179,0,0.0134,0.0739,0.9972,0,0.4079,0.9101,-0.0729,0,-1.1135,6.7546,90.4805,1]},
{"frame":94,"values":[0.9153,-0.4026,0.0128,0,0.0184,0.0735,0.9971,0,0.4024,0.9124,-0.0747,0,-0.9567,7.024,90.3349,1]},
{"frame":95,"values":[0.9187,-0.3949,0.0056,0,0.0248,0.0719,0.9971,0,0.3942,0.9159,-0.0759,0,-0.7339,7.3626,90.1722,1]}],"loopBehavior":1,"name":"anim","property":"_matrix"}},
{"name":"Zombie:Spine","index":1,"matrix":[0.9948,-0.0835,-0.0587,0,0.091,0.9861,0.1393,0,0.0463,-0.1439,0.9885,0,0,9.2263,1.5771,1],"rest":[1,0,0,0,0,1,0,0,0,0,1,0,0,9.2263,1.5771,1],"parentBoneIndex":0,"length":16.2548
,"animation":{"dataType":3,"framePerSecond":30,"keys":[
{"frame":1,"values":[0.9928,-0.1088,-0.0494,0,0.1149,0.9828,0.1447,0,0.0328,-0.1493,0.9882,0,0,9.2263,1.5771,1]},
{"frame":2,"values":[0.9923,-0.1131,-0.0499,0,0.1192,0.9826,0.1424,0,0.0329,-0.1472,0.9886,0,0,9.2263,1.5771,1]},
{"frame":3,"values":[0.9917,-0.1177,-0.0515,0,0.1239,0.9823,0.1404,0,0.034,-0.1456,0.9888,0,0,9.2263,1.5771,1]},
{"frame":4,"values":[0.9912,-0.1211,-0.0537,0,0.1275,0.9821,0.1386,0,0.0359,-0.1443,0.9889,0,0,9.2263,1.5771,1]},
{"frame":5,"values":[0.9911,-0.1212,-0.0559,0,0.1279,0.9823,0.137,0,0.0383,-0.1429,0.989,0,0,9.2263,1.5771,1]},
{"frame":6,"values":[0.9915,-0.1167,-0.0577,0,0.1236,0.983,0.1356,0,0.0409,-0.1415,0.9891,0,0,9.2263,1.5771,1]},
{"frame":7,"values":[0.9924,-0.108,-0.0588,0,0.1151,0.9842,0.1348,0,0.0433,-0.1406,0.9891,0,0,9.2263,1.5771,1]},
{"frame":8,"values":[0.9934,-0.0981,-0.0594,0,0.1053,0.9852,0.1351,0,0.0452,-0.1405,0.9891,0,0,9.2263,1.5771,1]},
{"frame":9,"values":[0.9942,-0.0899,-0.0593,0,0.0973,0.9859,0.1362,0,0.0462,-0.1412,0.9889,0,0,9.2263,1.5771,1]},
{"frame":10,"values":[0.9946,-0.0853,-0.0589,0,0.0927,0.9861,0.1378,0,0.0463,-0.1425,0.9887,0,0,9.2263,1.5771,1]},
{"frame":11,"values":[0.9948,-0.0835,-0.0587,0,0.091,0.9861,0.1393,0,0.0463,-0.1439,0.9885,0,0,9.2263,1.5771,1]},
{"frame":12,"values":[0.9948,-0.0827,-0.059,0,0.0903,0.986,0.1404,0,0.0465,-0.145,0.9883,0,0,9.2263,1.5771,1]},
{"frame":13,"values":[0.9949,-0.0816,-0.0594,0,0.0893,0.9859,0.1412,0,0.047,-0.1458,0.9882,0,0,9.2263,1.5771,1]},
{"frame":14,"values":[0.995,-0.0802,-0.0597,0,0.088,0.986,0.1417,0,0.0475,-0.1462,0.9881,0,0,9.2263,1.5771,1]},
{"frame":15,"values":[0.995,-0.0793,-0.0601,0,0.0872,0.9861,0.1416,0,0.048,-0.1461,0.9881,0,0,9.2263,1.5771,1]},
{"frame":16,"values":[0.995,-0.0791,-0.0608,0,0.087,0.9862,0.1405,0,0.0488,-0.1451,0.9882,0,0,9.2263,1.5771,1]},
{"frame":17,"values":[0.9949,-0.0794,-0.0616,0,0.0873,0.9865,0.1384,0,0.0497,-0.1431,0.9885,0,0,9.2263,1.5771,1]},
{"frame":18,"values":[0.9949,-0.08,-0.062,0,0.0877,0.9869,0.1353,0,0.0503,-0.1401,0.9889,0,0,9.2263,1.5771,1]},
{"frame":19,"values":[0.9949,-0.0804,-0.0617,0,0.088,0.9874,0.1317,0,0.0503,-0.1364,0.9894,0,0,9.2263,1.5771,1]},
{"frame":20,"values":[0.9949,-0.0806,-0.061,0,0.0879,0.9879,0.128,0,0.0499,-0.1328,0.9899,0,0,9.2263,1.5771,1]},
{"frame":21,"values":[0.995,-0.08,-0.0604,0,0.0871,0.9883,0.125,0,0.0497,-0.1296,0.9903,0,0,9.2263,1.5771,1]},
{"frame":22,"values":[0.9951,-0.0782,-0.0601,0,0.0851,0.9888,0.1227,0,0.0498,-0.1272,0.9906,0,0,9.2263,1.5771,1]},
{"frame":23,"values":[0.9954,-0.0752,-0.0596,0,0.082,0.9893,0.1211,0,0.0498,-0.1254,0.9909,0,0,9.2263,1.5771,1]},
{"frame":24,"values":[0.9957,-0.0714,-0.0588,0,0.078,0.9898,0.1195,0,0.0497,-0.1235,0.9911,0,0,9.2263,1.5771,1]},
{"frame":25,"values":[0.996,-0.0676,-0.0579,0,0.0741,0.9903,0.1177,0,0.0494,-0.1215,0.9914,0,0,9.2263,1.5771,1]},
{"frame":26,"values":[0.9963,-0.0644,-0.0572,0,0.0707,0.9907,0.116,0,0.0492,-0.1196,0.9916,0,0,9.2263,1.5771,1]},
{"frame":27,"values":[0.9965,-0.0621,-0.0563,0,0.0682,0.991,0.115,0,0.0487,-0.1184,0.9918,0,0,9.2263,1.5771,1]},
{"frame":28,"values":[0.9967,-0.0602,-0.0553,0,0.0662,0.9912,0.1148,0,0.0479,-0.1181,0.9918,0,0,9.2263,1.5771,1]},
{"frame":29,"values":[0.9968,-0.0584,-0.0539,0,0.0643,0.9913,0.1152,0,0.0467,-0.1183,0.9919,0,0,9.2263,1.5771,1]},
{"frame":30,"values":[0.997,-0.0569,-0.0524,0,0.0627,0.9913,0.1158,0,0.0453,-0.1188,0.9919,0,0,9.2263,1.5771,1]},
{"frame":31,"values":[0.9972,-0.0557,-0.0505,0,0.0613,0.9913,0.1165,0,0.0436,-0.1193,0.9919,0,0,9.2263,1.5771,1]},
{"frame":32,"values":[0.9974,-0.0541,-0.0482,0,0.0594,0.9913,0.1173,0,0.0415,-0.1198,0.9919,0,0,9.2263,1.5771,1]},
{"frame":33,"values":[0.9977,-0.051,-0.0455,0,0.0561,0.9914,0.1182,0,0.039,-0.1205,0.9919,0,0,9.2263,1.5771,1]},
{"frame":34,"values":[0.998,-0.0461,-0.0423,0,0.0509,0.9916,0.1192,0,0.0365,-0.1211,0.992,0,0,9.2263,1.5771,1]},
{"frame":35,"values":[0.9985,-0.039,-0.039,0,0.0435,0.9918,0.1204,0,0.034,-0.1219,0.992,0,0,9.2263,1.5771,1]},
{"frame":36,"values":[0.9989,-0.0295,-0.0358,0,0.0336,0.992,0.1218,0,0.0319,-0.1229,0.9919,0,0,9.2263,1.5771,1]},
{"frame":37,"values":[0.9993,-0.0169,-0.0327,0,0.0209,0.9921,0.1235,0,0.0303,-0.124,0.9918,0,0,9.2263,1.5771,1]},
{"frame":38,"values":[0.9996,-0.003,-0.0297,0,0.0067,0.9921,0.1252,0,0.0291,-0.1254,0.9917,0,0,9.2263,1.5771,1]},
{"frame":39,"values":[0.9996,0.0097,-0.0268,0,-0.0063,0.9919,0.127,0,0.0279,-0.1268,0.9915,0,0,9.2263,1.5771,1]},
{"frame":40,"values":[0.9995,0.0196,-0.024,0,-0.0164,0.9916,0.1286,0,0.0264,-0.1281,0.9914,0,0,9.2263,1.5771,1]},
{"frame":41,"values":[0.9995,0.0255,-0.021,0,-0.0226,0.9913,0.1298,0,0.0242,-0.1292,0.9913,0,0,9.2263,1.5771,1]},
{"frame":42,"values":[0.9994,0.0284,-0.0177,0,-0.0259,0.9911,0.1305,0,0.0213,-0.13,0.9913,0,0,9.2263,1.5771,1]},
{"frame":43,"values":[0.9994,0.0323,-0.0147,0,-0.0301,0.9909,0.131,0,0.0188,-0.1305,0.9913,0,0,9.2263,1.5771,1]},
{"frame":44,"values":[0.999,0.0419,-0.0129,0,-0.0399,0.9904,0.1321,0,0.0183,-0.1314,0.9912,0,0,9.2263,1.5771,1]},
{"frame":45,"values":[0.9983,0.0566,-0.0117,0,-0.0545,0.9894,0.1343,0,0.0191,-0.1334,0.9909,0,0,9.2263,1.5771,1]},
{"frame":46,"values":[0.9975,0.0704,-0.0094,0,-0.0685,0.9882,0.137,0,0.019,-0.136,0.9905,0,0,9.2263,1.5771,1]},
{"frame":47,"values":[0.997,0.0776,-0.0051,0,-0.0762,0.9874,0.1384,0,0.0158,-0.1376,0.9904,0,0,9.2263,1.5771,1]},
{"frame":48,"values":[0.9969,0.0784,0.0003,0,-0.0777,0.9874,0.1378,0,0.0105,-0.1374,0.9905,0,0,9.2263,1.5771,1]},
{"frame":49,"values":[0.9971,0.0764,0.0051,0,-0.0763,0.9877,0.1365,0,0.0054,-0.1364,0.9906,0,0,9.2263,1.5771,1]},
{"frame":50,"values":[0.9972,0.0749,0.0082,0,-0.0754,0.9878,0.1362,0,0.0021,-0.1364,0.9907,0,0,9.2263,1.5771,1]},
{"frame":51,"values":[0.9971,0.0751,0.01,0,-0.0758,0.9876,0.1375,0,0.0004,-0.1379,0.9904,0,0,9.2263,1.5771,1]},
{"frame":52,"values":[0.997,0.0764,0.0108,0,-0.0771,0.9872,0.1398,0,0,-0.1402,0.9901,0,0,9.2263,1.5771,1]},
{"frame":53,"values":[0.9969,0.0777,0.0106,0,-0.0784,0.9867,0.1422,0,0.0006,-0.1426,0.9898,0,0,9.2263,1.5771,1]},
{"frame":54,"values":[0.9969,0.0787,0.0093,0,-0.0792,0.9864,0.1443,0,0.0022,-0.1446,0.9895,0,0,9.2263,1.5771,1]},
{"frame":55,"values":[0.9968,0.0796,0.007,0,-0.0798,0.986,0.1462,0,0.0047,-0.1463,0.9892,0,0,9.2263,1.5771,1]},
{"frame":56,"values":[0.9967,0.0808,0.0042,0,-0.0805,0.9858,0.1473,0,0.0077,-0.1472,0.9891,0,0,9.2263,1.5771,1]},
{"frame":57,"values":[0.9966,0.0819,0.0015,0,-0.0812,0.9857,0.1476,0,0.0106,-0.1473,0.989,0,0,9.2263,1.5771,1]},
{"frame":58,"values":[0.9966,0.0825,-0.0009,0,-0.0815,0.9857,0.1477,0,0.0131,-0.1471,0.989,0,0,9.2263,1.5771,1]},
{"frame":59,"values":[0.9966,0.0827,-0.003,0,-0.0813,0.9856,0.1481,0,0.0152,-0.1474,0.989,0,0,9.2263,1.5771,1]},
{"frame":60,"values":[0.9965,0.0829,-0.0049,0,-0.0812,0.9855,0.149,0,0.0172,-0.1481,0.9888,0,0,9.2263,1.5771,1]},
{"frame":61,"values":[0.9965,0.0837,-0.0066,0,-0.0818,0.9854,0.1494,0,0.019,-0.1483,0.9888,0,0,9.2263,1.5771,1]},
{"frame":62,"values":[0.9963,0.0856,-0.008,0,-0.0835,0.9854,0.1484,0,0.0206,-0.1472,0.9889,0,0,9.2263,1.5771,1]},
{"frame":63,"values":[0.996,0.0891,-0.0092,0,-0.0868,0.9855,0.1461,0,0.0221,-0.1447,0.9892,0,0,9.2263,1.5771,1]},
{"frame":64,"values":[0.9954,0.0949,-0.0101,0,-0.0924,0.9853,0.1438,0,0.0236,-0.1422,0.9896,0,0,9.2263,1.5771,1]},
{"frame":65,"values":[0.9946,0.1031,-0.0105,0,-0.1006,0.9847,0.1421,0,0.025,-0.1403,0.9898,0,0,9.2263,1.5771,1]},
{"frame":66,"values":[0.9936,0.1126,-0.0105,0,-0.11,0.9839,0.1407,0,0.0262,-0.1387,0.99,0,0,9.2263,1.5771,1]},
{"frame":67,"values":[0.9927,0.1204,-0.0104,0,-0.1179,0.9833,0.1385,0,0.0269,-0.1363,0.9903,0,0,9.2263,1.5771,1]},
{"frame":68,"values":[0.9922,0.1242,-0.0101,0,-0.1217,0.9833,0.1352,0,0.0268,-0.133,0.9908,0,0,9.2263,1.5771,1]},
{"frame":69,"values":[0.9923,0.1233,-0.0096,0,-0.121,0.9839,0.1313,0,0.0256,-0.1291,0.9913,0,0,9.2263,1.5771,1]},
{"frame":70,"values":[0.9928,0.1194,-0.0083,0,-0.1174,0.9849,0.1271,0,0.0233,-0.1252,0.9919,0,0,9.2263,1.5771,1]},
{"frame":71,"values":[0.9933,0.1155,-0.0058,0,-0.1139,0.9859,0.1229,0,0.0199,-0.1214,0.9924,0,0,9.2263,1.5771,1]},
{"frame":72,"values":[0.9936,0.1133,-0.0018,0,-0.1123,0.9866,0.1185,0,0.0152,-0.1175,0.993,0,0,9.2263,1.5771,1]},
{"frame":73,"values":[0.9936,0.113,0.0034,0,-0.1126,0.987,0.1144,0,0.0096,-0.1141,0.9934,0,0,9.2263,1.5771,1]},
{"frame":74,"values":[0.9935,0.1131,0.0085,0,-0.1133,0.9873,0.1115,0,0.0042,-0.1117,0.9937,0,0,9.2263,1.5771,1]},
{"frame":75,"values":[0.9936,0.1121,0.0123,0,-0.1127,0.9875,0.1098,0,0.0002,-0.1105,0.9939,0,0,9.2263,1.5771,1]},
{"frame":76,"values":[0.9939,0.1094,0.0142,0,-0.1103,0.9879,0.109,0,-0.0021,-0.1099,0.9939,0,0,9.2263,1.5771,1]},
{"frame":77,"values":[0.9942,0.1062,0.0147,0,-0.1072,0.9883,0.1082,0,-0.003,-0.1091,0.994,0,0,9.2263,1.5771,1]},
{"frame":78,"values":[0.9944,0.1045,0.0148,0,-0.1055,0.9886,0.1071,0,-0.0034,-0.108,0.9941,0,0,9.2263,1.5771,1]},
{"frame":79,"values":[0.9943,0.1052,0.0152,0,-0.1063,0.9887,0.1056,0,-0.0039,-0.1066,0.9943,0,0,9.2263,1.5771,1]},
{"frame":80,"values":[0.9941,0.1073,0.0161,0,-0.1084,0.9887,0.1037,0,-0.0048,-0.1049,0.9945,0,0,9.2263,1.5771,1]},
{"frame":81,"values":[0.9939,0.1084,0.018,0,-0.1097,0.9888,0.1014,0,-0.0068,-0.1028,0.9947,0,0,9.2263,1.5771,1]},
{"frame":82,"values":[0.994,0.1073,0.0213,0,-0.1089,0.9891,0.0986,0,-0.0105,-0.1003,0.9949,0,0,9.2263,1.5771,1]},
{"frame":83,"values":[0.9941,0.105,0.0259,0,-0.107,0.9897,0.0954,0,-0.0156,-0.0976,0.9951,0,0,9.2263,1.5771,1]},
{"frame":84,"values":[0.9942,0.1028,0.0308,0,-0.1052,0.9902,0.0918,0,-0.021,-0.0945,0.9953,0,0,9.2263,1.5771,1]},
{"frame":85,"values":[0.9942,0.1014,0.0346,0,-0.1041,0.9907,0.088,0,-0.0253,-0.0911,0.9955,0,0,9.2263,1.5771,1]},
{"frame":86,"values":[0.9943,0.1004,0.0366,0,-0.1032,0.9911,0.0843,0,-0.0278,-0.0876,0.9958,0,0,9.2263,1.5771,1]},
{"frame":87,"values":[0.9943,0.1001,0.0372,0,-0.1029,0.9914,0.0812,0,-0.0287,-0.0846,0.996,0,0,9.2263,1.5771,1]},
{"frame":88,"values":[0.9942,0.101,0.0373,0,-0.1036,0.9915,0.0787,0,-0.0291,-0.0821,0.9962,0,0,9.2263,1.5771,1]},
{"frame":89,"values":[0.994,0.1022,0.0377,0,-0.1049,0.9915,0.0766,0,-0.0296,-0.0802,0.9963,0,0,9.2263,1.5771,1]},
{"frame":90,"values":[0.9941,0.1015,0.0386,0,-0.1042,0.9917,0.0751,0,-0.0306,-0.0787,0.9964,0,0,9.2263,1.5771,1]},
{"frame":91,"values":[0.9945,0.0966,0.0397,0,-0.0994,0.9923,0.0741,0,-0.0322,-0.0776,0.9965,0,0,9.2263,1.5771,1]},
{"frame":92,"values":[0.9952,0.0887,0.0408,0,-0.0915,0.9931,0.0736,0,-0.034,-0.077,0.9965,0,0,9.2263,1.5771,1]},
{"frame":93,"values":[0.9958,0.0809,0.0418,0,-0.0839,0.9938,0.0734,0,-0.0356,-0.0766,0.9964,0,0,9.2263,1.5771,1]},
{"frame":94,"values":[0.9963,0.0753,0.0423,0,-0.0782,0.9943,0.0731,0,-0.0366,-0.0761,0.9964,0,0,9.2263,1.5771,1]},
{"frame":95,"values":[0.9966,0.0712,0.0422,0,-0.0741,0.9946,0.0728,0,-0.0368,-0.0757,0.9965,0,0,9.2263,1.5771,1]}],"loopBehavior":1,"name":"anim","property":"_matrix"}},
{"name":"Zombie:Spine1","index":2,"matrix":[0.9827,-0.1232,-0.1382,0,0.1555,0.9543,0.2554,0,0.1004,-0.2724,0.9569,0,0,16.254,-0.1656,1],"rest":[1,0,0,0,0,1,0,0,0,0,1,0,0,16.254,-0.1656,1],"parentBoneIndex":1,"length":13.7007
,"animation":{"dataType":3,"framePerSecond":30,"keys":[
{"frame":1,"values":[0.9878,-0.1155,-0.1041,0,0.1401,0.9518,0.2729,0,0.0676,-0.2842,0.9564,0,0,16.254,-0.1656,1]},
{"frame":2,"values":[0.9871,-0.12,-0.1058,0,0.1446,0.9525,0.2681,0,0.0686,-0.2799,0.9576,0,0,16.254,-0.1656,1]},
{"frame":3,"values":[0.9863,-0.1241,-0.1089,0,0.149,0.953,0.2638,0,0.071,-0.2764,0.9584,0,0,16.254,-0.1656,1]},
{"frame":4,"values":[0.9855,-0.1269,-0.1128,0,0.1526,0.9534,0.2601,0,0.0745,-0.2736,0.959,0,0,16.254,-0.1656,1]},
{"frame":5,"values":[0.9848,-0.1283,-0.1173,0,0.1548,0.954,0.2567,0,0.0789,-0.2709,0.9594,0,0,16.254,-0.1656,1]},
{"frame":6,"values":[0.9842,-0.1284,-0.1222,0,0.1561,0.9546,0.2536,0,0.0841,-0.2687,0.9595,0,0,16.254,-0.1656,1]},
{"frame":7,"values":[0.9836,-0.1277,-0.1276,0,0.1566,0.9551,0.2515,0,0.0897,-0.2673,0.9594,0,0,16.254,-0.1656,1]},
{"frame":8,"values":[0.9831,-0.1265,-0.1323,0,0.1567,0.9553,0.2509,0,0.0947,-0.2674,0.9589,0,0,16.254,-0.1656,1]},
{"frame":9,"values":[0.9828,-0.1253,-0.1355,0,0.1564,0.9551,0.2518,0,0.0978,-0.2687,0.9583,0,0,16.254,-0.1656,1]},
{"frame":10,"values":[0.9828,-0.1241,-0.1371,0,0.1559,0.9547,0.2536,0,0.0994,-0.2706,0.9575,0,0,16.254,-0.1656,1]},
{"frame":11,"values":[0.9827,-0.1232,-0.1382,0,0.1555,0.9543,0.2554,0,0.1004,-0.2724,0.9569,0,0,16.254,-0.1656,1]},
{"frame":12,"values":[0.9826,-0.1226,-0.1396,0,0.1555,0.9539,0.2567,0,0.1017,-0.2739,0.9564,0,0,16.254,-0.1656,1]},
{"frame":13,"values":[0.9823,-0.1227,-0.1412,0,0.1561,0.9536,0.2575,0,0.1031,-0.275,0.9559,0,0,16.254,-0.1656,1]},
{"frame":14,"values":[0.982,-0.1238,-0.1429,0,0.1577,0.9533,0.2577,0,0.1043,-0.2756,0.9556,0,0,16.254,-0.1656,1]},
{"frame":15,"values":[0.9814,-0.126,-0.1448,0,0.1603,0.9531,0.2569,0,0.1056,-0.2753,0.9555,0,0,16.254,-0.1656,1]},
{"frame":16,"values":[0.9806,-0.129,-0.1473,0,0.1636,0.9532,0.2542,0,0.1076,-0.2734,0.9559,0,0,16.254,-0.1656,1]},
{"frame":17,"values":[0.9798,-0.1325,-0.1498,0,0.1671,0.9538,0.2496,0,0.1099,-0.2696,0.9567,0,0,16.254,-0.1656,1]},
{"frame":18,"values":[0.9791,-0.1359,-0.1511,0,0.1701,0.9549,0.2434,0,0.1113,-0.264,0.9581,0,0,16.254,-0.1656,1]},
{"frame":19,"values":[0.9788,-0.1391,-0.1506,0,0.1722,0.9563,0.2364,0,0.1112,-0.2574,0.9599,0,0,16.254,-0.1656,1]},
{"frame":20,"values":[0.9787,-0.1415,-0.1491,0,0.1734,0.9577,0.2297,0,0.1103,-0.2507,0.9618,0,0,16.254,-0.1656,1]},
{"frame":21,"values":[0.9787,-0.1425,-0.1476,0,0.1734,0.959,0.2242,0,0.1096,-0.245,0.9633,0,0,16.254,-0.1656,1]},
{"frame":22,"values":[0.979,-0.1418,-0.1463,0,0.172,0.9601,0.2203,0,0.1092,-0.2408,0.9644,0,0,16.254,-0.1656,1]},
{"frame":23,"values":[0.9796,-0.1398,-0.1445,0,0.1693,0.9613,0.2176,0,0.1085,-0.2376,0.9653,0,0,16.254,-0.1656,1]},
{"frame":24,"values":[0.9803,-0.1372,-0.142,0,0.1658,0.9625,0.2149,0,0.1072,-0.2342,0.9663,0,0,16.254,-0.1656,1]},
{"frame":25,"values":[0.9811,-0.1343,-0.1394,0,0.162,0.9638,0.2116,0,0.1059,-0.2302,0.9674,0,0,16.254,-0.1656,1]},
{"frame":26,"values":[0.9819,-0.1309,-0.1372,0,0.1579,0.9652,0.2087,0,0.1051,-0.2265,0.9683,0,0,16.254,-0.1656,1]},
{"frame":27,"values":[0.9826,-0.127,-0.1352,0,0.1534,0.9662,0.2071,0,0.1044,-0.2242,0.9689,0,0,16.254,-0.1656,1]},
{"frame":28,"values":[0.9835,-0.1226,-0.1331,0,0.1486,0.967,0.2071,0,0.1033,-0.2235,0.9692,0,0,16.254,-0.1656,1]},
{"frame":29,"values":[0.9844,-0.1176,-0.1305,0,0.1432,0.9675,0.2082,0,0.1018,-0.2237,0.9693,0,0,16.254,-0.1656,1]},
{"frame":30,"values":[0.9854,-0.1123,-0.1276,0,0.1375,0.968,0.2098,0,0.1,-0.2243,0.9694,0,0,16.254,-0.1656,1]},
{"frame":31,"values":[0.9865,-0.1067,-0.1245,0,0.1315,0.9685,0.2116,0,0.098,-0.2251,0.9694,0,0,16.254,-0.1656,1]},
{"frame":32,"values":[0.9875,-0.1006,-0.1213,0,0.125,0.9689,0.2138,0,0.096,-0.2263,0.9693,0,0,16.254,-0.1656,1]},
{"frame":33,"values":[0.9886,-0.094,-0.1179,0,0.118,0.9692,0.2163,0,0.0939,-0.2277,0.9692,0,0,16.254,-0.1656,1]},
{"frame":34,"values":[0.9897,-0.0867,-0.1142,0,0.1102,0.9695,0.2191,0,0.0917,-0.2294,0.969,0,0,16.254,-0.1656,1]},
{"frame":35,"values":[0.9908,-0.0785,-0.1102,0,0.1016,0.9697,0.2223,0,0.0894,-0.2314,0.9687,0,0,16.254,-0.1656,1]},
{"frame":36,"values":[0.992,-0.0694,-0.1059,0,0.092,0.9698,0.2257,0,0.087,-0.2337,0.9684,0,0,16.254,-0.1656,1]},
{"frame":37,"values":[0.9931,-0.0595,-0.1013,0,0.0815,0.9699,0.2295,0,0.0846,-0.2362,0.968,0,0,16.254,-0.1656,1]},
{"frame":38,"values":[0.9941,-0.0489,-0.0965,0,0.0703,0.9698,0.2334,0,0.0822,-0.2388,0.9676,0,0,16.254,-0.1656,1]},
{"frame":39,"values":[0.9951,-0.0377,-0.0917,0,0.0586,0.9696,0.2374,0,0.0799,-0.2416,0.9671,0,0,16.254,-0.1656,1]},
{"frame":40,"values":[0.9959,-0.0266,-0.0868,0,0.047,0.9693,0.2412,0,0.0777,-0.2443,0.9666,0,0,16.254,-0.1656,1]},
{"frame":41,"values":[0.9965,-0.017,-0.0819,0,0.0366,0.969,0.2445,0,0.0752,-0.2466,0.9662,0,0,16.254,-0.1656,1]},
{"frame":42,"values":[0.997,-0.0093,-0.0768,0,0.028,0.9687,0.2466,0,0.0721,-0.248,0.9661,0,0,16.254,-0.1656,1]},
{"frame":43,"values":[0.9974,0,-0.0723,0,0.018,0.9684,0.2487,0,0.07,-0.2493,0.9659,0,0,16.254,-0.1656,1]},
{"frame":44,"values":[0.9975,0.0171,-0.0692,0,0.001,0.9673,0.2538,0,0.0713,-0.2532,0.9648,0,0,16.254,-0.1656,1]},
{"frame":45,"values":[0.9969,0.0418,-0.0666,0,-0.0229,0.9644,0.2633,0,0.0752,-0.261,0.9624,0,0,16.254,-0.1656,1]},
{"frame":46,"values":[0.9961,0.0639,-0.0613,0,-0.0448,0.9608,0.2736,0,0.0763,-0.2698,0.9599,0,0,16.254,-0.1656,1]},
{"frame":47,"values":[0.9959,0.0745,-0.0514,0,-0.0573,0.9586,0.2788,0,0.07,-0.2747,0.959,0,0,16.254,-0.1656,1]},
{"frame":48,"values":[0.9964,0.0751,-0.0388,0,-0.0615,0.9587,0.2776,0,0.058,-0.2742,0.9599,0,0,16.254,-0.1656,1]},
{"frame":49,"values":[0.997,0.0723,-0.0279,0,-0.0619,0.9597,0.274,0,0.0466,-0.2715,0.9613,0,0,16.254,-0.1656,1]},
{"frame":50,"values":[0.9973,0.0703,-0.022,0,-0.0616,0.96,0.2732,0,0.0403,-0.2711,0.9617,0,0,16.254,-0.1656,1]},
{"frame":51,"values":[0.9974,0.0693,-0.0212,0,-0.0607,0.9591,0.2766,0,0.0395,-0.2746,0.9607,0,0,16.254,-0.1656,1]},
{"frame":52,"values":[0.9974,0.0677,-0.0233,0,-0.0584,0.9576,0.2822,0,0.0415,-0.2801,0.9591,0,0,16.254,-0.1656,1]},
{"frame":53,"values":[0.9975,0.0649,-0.0266,0,-0.0546,0.9562,0.2874,0,0.0441,-0.2853,0.9574,0,0,16.254,-0.1656,1]},
{"frame":54,"values":[0.9977,0.0609,-0.0309,0,-0.0493,0.9553,0.2914,0,0.0472,-0.2892,0.9561,0,0,16.254,-0.1656,1]},
{"frame":55,"values":[0.9978,0.0562,-0.0363,0,-0.0431,0.9549,0.2938,0,0.0512,-0.2916,0.9552,0,0,16.254,-0.1656,1]},
{"frame":56,"values":[0.9978,0.0517,-0.0423,0,-0.037,0.955,0.2943,0,0.0556,-0.2921,0.9548,0,0,16.254,-0.1656,1]},
{"frame":57,"values":[0.9977,0.0474,-0.0477,0,-0.0314,0.9556,0.293,0,0.0595,-0.2909,0.9549,0,0,16.254,-0.1656,1]},
{"frame":58,"values":[0.9977,0.0431,-0.0522,0,-0.026,0.9563,0.2912,0,0.0625,-0.2891,0.9552,0,0,16.254,-0.1656,1]},
{"frame":59,"values":[0.9977,0.0384,-0.0565,0,-0.0204,0.9567,0.2902,0,0.0652,-0.2884,0.9553,0,0,16.254,-0.1656,1]},
{"frame":60,"values":[0.9976,0.0333,-0.0609,0,-0.0143,0.9569,0.2902,0,0.0679,-0.2886,0.955,0,0,16.254,-0.1656,1]},
{"frame":61,"values":[0.9975,0.0288,-0.0645,0,-0.009,0.9572,0.2894,0,0.0701,-0.2881,0.955,0,0,16.254,-0.1656,1]},
{"frame":62,"values":[0.9974,0.0265,-0.0663,0,-0.0064,0.9581,0.2864,0,0.0711,-0.2853,0.9558,0,0,16.254,-0.1656,1]},
{"frame":63,"values":[0.9974,0.0279,-0.0664,0,-0.008,0.9594,0.2821,0,0.0715,-0.2808,0.9571,0,0,16.254,-0.1656,1]},
{"frame":64,"values":[0.9973,0.0333,-0.0659,0,-0.0137,0.9603,0.2787,0,0.0726,-0.2771,0.9581,0,0,16.254,-0.1656,1]},
{"frame":65,"values":[0.9969,0.0419,-0.0662,0,-0.0219,0.9604,0.2777,0,0.0752,-0.2754,0.9584,0,0,16.254,-0.1656,1]},
{"frame":66,"values":[0.9964,0.0515,-0.0668,0,-0.031,0.9601,0.2778,0,0.0784,-0.2748,0.9583,0,0,16.254,-0.1656,1]},
{"frame":67,"values":[0.996,0.0602,-0.0663,0,-0.0397,0.9602,0.2764,0,0.0804,-0.2726,0.9588,0,0,16.254,-0.1656,1]},
{"frame":68,"values":[0.9957,0.0672,-0.0639,0,-0.0474,0.9611,0.272,0,0.0797,-0.2678,0.9602,0,0,16.254,-0.1656,1]},
{"frame":69,"values":[0.9956,0.0727,-0.0599,0,-0.0543,0.9626,0.2656,0,0.077,-0.2611,0.9622,0,0,16.254,-0.1656,1]},
{"frame":70,"values":[0.9955,0.0778,-0.0546,0,-0.0612,0.964,0.2587,0,0.0728,-0.2541,0.9644,0,0,16.254,-0.1656,1]},
{"frame":71,"values":[0.9953,0.084,-0.0475,0,-0.0695,0.9653,0.2518,0,0.0671,-0.2473,0.9666,0,0,16.254,-0.1656,1]},
{"frame":72,"values":[0.9951,0.0916,-0.0377,0,-0.0797,0.9662,0.2451,0,0.0589,-0.2409,0.9688,0,0,16.254,-0.1656,1]},
{"frame":73,"values":[0.9947,0.0998,-0.0258,0,-0.0908,0.9667,0.2392,0,0.0488,-0.2355,0.9706,0,0,16.254,-0.1656,1]},
{"frame":74,"values":[0.9942,0.1067,-0.0144,0,-0.1004,0.9668,0.2349,0,0.039,-0.2321,0.9719,0,0,16.254,-0.1656,1]},
{"frame":75,"values":[0.9938,0.1114,-0.0064,0,-0.1068,0.9667,0.2325,0,0.0321,-0.2303,0.9726,0,0,16.254,-0.1656,1]},
{"frame":76,"values":[0.9935,0.1138,-0.0026,0,-0.1102,0.9668,0.2308,0,0.0288,-0.229,0.973,0,0,16.254,-0.1656,1]},
{"frame":77,"values":[0.9933,0.1153,-0.0015,0,-0.1119,0.967,0.2289,0,0.0278,-0.2272,0.9734,0,0,16.254,-0.1656,1]},
{"frame":78,"values":[0.9931,0.1171,-0.0011,0,-0.1138,0.9673,0.2267,0,0.0277,-0.225,0.974,0,0,16.254,-0.1656,1]},
{"frame":79,"values":[0.9928,0.1196,-0.0007,0,-0.1164,0.9676,0.2242,0,0.0275,-0.2225,0.9745,0,0,16.254,-0.1656,1]},
{"frame":80,"values":[0.9925,0.1224,0.0005,0,-0.1194,0.9679,0.2212,0,0.0266,-0.2196,0.9752,0,0,16.254,-0.1656,1]},
{"frame":81,"values":[0.9922,0.1245,0.0042,0,-0.1225,0.9685,0.2168,0,0.0229,-0.2157,0.9762,0,0,16.254,-0.1656,1]},
{"frame":82,"values":[0.992,0.1255,0.0119,0,-0.1252,0.9695,0.2109,0,0.0149,-0.2107,0.9774,0,0,16.254,-0.1656,1]},
{"frame":83,"values":[0.9918,0.1255,0.0232,0,-0.1276,0.9707,0.2035,0,0.003,-0.2048,0.9788,0,0,16.254,-0.1656,1]},
{"frame":84,"values":[0.9915,0.1253,0.0354,0,-0.1298,0.9721,0.1951,0,-0.0099,-0.1981,0.9801,0,0,16.254,-0.1656,1]},
{"frame":85,"values":[0.9911,0.1256,0.0448,0,-0.1318,0.9736,0.1864,0,-0.0202,-0.1907,0.9814,0,0,16.254,-0.1656,1]},
{"frame":86,"values":[0.9907,0.1264,0.05,0,-0.1334,0.9749,0.1783,0,-0.0262,-0.1833,0.9827,0,0,16.254,-0.1656,1]},
{"frame":87,"values":[0.9905,0.1275,0.052,0,-0.1346,0.9759,0.1715,0,-0.0288,-0.1769,0.9838,0,0,16.254,-0.1656,1]},
{"frame":88,"values":[0.9903,0.1286,0.0528,0,-0.1357,0.9767,0.1662,0,-0.0302,-0.1718,0.9847,0,0,16.254,-0.1656,1]},
{"frame":89,"values":[0.9902,0.129,0.0543,0,-0.1362,0.9773,0.1619,0,-0.0321,-0.1677,0.9853,0,0,16.254,-0.1656,1]},
{"frame":90,"values":[0.9901,0.1281,0.0572,0,-0.1357,0.978,0.1582,0,-0.0357,-0.1644,0.9858,0,0,16.254,-0.1656,1]},
{"frame":91,"values":[0.9902,0.1251,0.0614,0,-0.1332,0.9789,0.1549,0,-0.0408,-0.1616,0.986,0,0,16.254,-0.1656,1]},
{"frame":92,"values":[0.9906,0.1199,0.0661,0,-0.1288,0.9799,0.1524,0,-0.0465,-0.1595,0.9861,0,0,16.254,-0.1656,1]},
{"frame":93,"values":[0.9911,0.1136,0.0699,0,-0.1231,0.9809,0.1505,0,-0.0515,-0.1577,0.9861,0,0,16.254,-0.1656,1]},
{"frame":94,"values":[0.9917,0.1071,0.0717,0,-0.1168,0.9819,0.1489,0,-0.0544,-0.156,0.9863,0,0,16.254,-0.1656,1]},
{"frame":95,"values":[0.9924,0.1005,0.0712,0,-0.1101,0.9829,0.1475,0,-0.0551,-0.1542,0.9865,0,0,16.254,-0.1656,1]}],"loopBehavior":1,"name":"anim","property":"_matrix"}},
{"name":"Zombie:Spine2","index":3,"matrix":[0.9826,-0.1253,-0.1371,0,0.1572,0.9541,0.2549,0,0.0989,-0.272,0.9572,0,0,13.6396,-1.2923,1],"rest":[1,0,0,0,0,1,0,0,0,0,1,0,0,13.6396,-1.2923,1],"parentBoneIndex":2,"length":13.1719
,"animation":{"dataType":3,"framePerSecond":30,"keys":[
{"frame":1,"values":[0.9883,-0.113,-0.1026,0,0.1373,0.9517,0.2747,0,0.0666,-0.2856,0.956,0,0,13.6396,-1.2923,1]},
{"frame":2,"values":[0.9876,-0.1177,-0.1042,0,0.142,0.9524,0.2699,0,0.0675,-0.2813,0.9572,0,0,13.6396,-1.2923,1]},
{"frame":3,"values":[0.9868,-0.1218,-0.1071,0,0.1465,0.9528,0.2658,0,0.0697,-0.278,0.9581,0,0,13.6396,-1.2923,1]},
{"frame":4,"values":[0.986,-0.1247,-0.111,0,0.1501,0.9533,0.2622,0,0.0731,-0.2752,0.9586,0,0,13.6396,-1.2923,1]},
{"frame":5,"values":[0.9853,-0.1263,-0.1154,0,0.1526,0.9538,0.2587,0,0.0774,-0.2725,0.959,0,0,13.6396,-1.2923,1]},
{"frame":6,"values":[0.9846,-0.127,-0.1205,0,0.1543,0.9544,0.2554,0,0.0825,-0.27,0.9593,0,0,13.6396,-1.2923,1]},
{"frame":7,"values":[0.9839,-0.127,-0.126,0,0.1557,0.9549,0.2527,0,0.0882,-0.2683,0.9593,0,0,13.6396,-1.2923,1]},
{"frame":8,"values":[0.9832,-0.1268,-0.131,0,0.1566,0.9551,0.2515,0,0.0933,-0.2678,0.9589,0,0,13.6396,-1.2923,1]},
{"frame":9,"values":[0.9829,-0.1263,-0.1344,0,0.1571,0.9549,0.2519,0,0.0965,-0.2687,0.9584,0,0,13.6396,-1.2923,1]},
{"frame":10,"values":[0.9827,-0.1257,-0.1361,0,0.1572,0.9545,0.2534,0,0.0981,-0.2704,0.9578,0,0,13.6396,-1.2923,1]},
{"frame":11,"values":[0.9826,-0.1253,-0.1371,0,0.1572,0.9541,0.2549,0,0.0989,-0.272,0.9572,0,0,13.6396,-1.2923,1]},
{"frame":12,"values":[0.9824,-0.1253,-0.1384,0,0.1577,0.9537,0.256,0,0.1,-0.2733,0.9567,0,0,13.6396,-1.2923,1]},
{"frame":13,"values":[0.9821,-0.1259,-0.14,0,0.1588,0.9534,0.2566,0,0.1012,-0.2743,0.9563,0,0,13.6396,-1.2923,1]},
{"frame":14,"values":[0.9817,-0.1275,-0.1416,0,0.1608,0.9531,0.2566,0,0.1023,-0.2747,0.9561,0,0,13.6396,-1.2923,1]},
{"frame":15,"values":[0.981,-0.1302,-0.1436,0,0.1638,0.9529,0.2554,0,0.1036,-0.2741,0.9561,0,0,13.6396,-1.2923,1]},
{"frame":16,"values":[0.9802,-0.1336,-0.1461,0,0.1675,0.953,0.2525,0,0.1055,-0.272,0.9565,0,0,13.6396,-1.2923,1]},
{"frame":17,"values":[0.9793,-0.1373,-0.1486,0,0.1713,0.9536,0.2477,0,0.1077,-0.268,0.9574,0,0,13.6396,-1.2923,1]},
{"frame":18,"values":[0.9786,-0.1409,-0.1499,0,0.1745,0.9547,0.2412,0,0.1092,-0.2622,0.9588,0,0,13.6396,-1.2923,1]},
{"frame":19,"values":[0.9782,-0.1442,-0.1495,0,0.1767,0.956,0.234,0,0.1091,-0.2553,0.9607,0,0,13.6396,-1.2923,1]},
{"frame":20,"values":[0.9781,-0.1467,-0.1479,0,0.1779,0.9575,0.2272,0,0.1083,-0.2485,0.9626,0,0,13.6396,-1.2923,1]},
{"frame":21,"values":[0.9781,-0.1476,-0.1464,0,0.1779,0.9588,0.2216,0,0.1077,-0.2428,0.9641,0,0,13.6396,-1.2923,1]},
{"frame":22,"values":[0.9785,-0.1469,-0.145,0,0.1764,0.96,0.2177,0,0.1073,-0.2386,0.9652,0,0,13.6396,-1.2923,1]},
{"frame":23,"values":[0.9791,-0.1447,-0.1432,0,0.1735,0.9611,0.215,0,0.1065,-0.2354,0.9661,0,0,13.6396,-1.2923,1]},
{"frame":24,"values":[0.9798,-0.1419,-0.1407,0,0.1699,0.9623,0.2124,0,0.1052,-0.232,0.967,0,0,13.6396,-1.2923,1]},
{"frame":25,"values":[0.9807,-0.1388,-0.138,0,0.1658,0.9637,0.2092,0,0.1039,-0.2281,0.9681,0,0,13.6396,-1.2923,1]},
{"frame":26,"values":[0.9815,-0.1352,-0.1357,0,0.1615,0.9651,0.2063,0,0.103,-0.2244,0.969,0,0,13.6396,-1.2923,1]},
{"frame":27,"values":[0.9823,-0.1311,-0.1336,0,0.1568,0.9662,0.2048,0,0.1022,-0.2222,0.9696,0,0,13.6396,-1.2923,1]},
{"frame":28,"values":[0.9832,-0.1265,-0.1313,0,0.1518,0.9669,0.2051,0,0.1011,-0.2216,0.9699,0,0,13.6396,-1.2923,1]},
{"frame":29,"values":[0.9842,-0.1215,-0.1286,0,0.1464,0.9675,0.2064,0,0.0994,-0.222,0.97,0,0,13.6396,-1.2923,1]},
{"frame":30,"values":[0.9853,-0.1162,-0.1256,0,0.1407,0.9679,0.2081,0,0.0974,-0.2227,0.97,0,0,13.6396,-1.2923,1]},
{"frame":31,"values":[0.9863,-0.1107,-0.1224,0,0.1348,0.9683,0.2102,0,0.0952,-0.2238,0.97,0,0,13.6396,-1.2923,1]},
{"frame":32,"values":[0.9873,-0.105,-0.1191,0,0.1286,0.9687,0.2125,0,0.093,-0.2251,0.9699,0,0,13.6396,-1.2923,1]},
{"frame":33,"values":[0.9884,-0.0989,-0.1155,0,0.1221,0.9689,0.2151,0,0.0907,-0.2267,0.9697,0,0,13.6396,-1.2923,1]},
{"frame":34,"values":[0.9894,-0.0923,-0.1118,0,0.115,0.9691,0.2181,0,0.0882,-0.2286,0.9695,0,0,13.6396,-1.2923,1]},
{"frame":35,"values":[0.9905,-0.085,-0.1079,0,0.1073,0.9693,0.2213,0,0.0858,-0.2308,0.9692,0,0,13.6396,-1.2923,1]},
{"frame":36,"values":[0.9916,-0.0769,-0.1038,0,0.0987,0.9694,0.2248,0,0.0833,-0.2332,0.9689,0,0,13.6396,-1.2923,1]},
{"frame":37,"values":[0.9927,-0.0681,-0.0995,0,0.0894,0.9694,0.2286,0,0.0809,-0.2358,0.9684,0,0,13.6396,-1.2923,1]},
